200000
200001
200002
200003
200004
200005
200006
200009
200010
200011
200013
200014
200016
200017
200018
200019
200020
200023
200024
200025
200026
200027
200028
200029
200030
200031
200032
200033
200034
200035
200037
200038
200039
200040
200041
200043
200044
200045
200046
200047
200048
200049
200051
200052
200053
200057
200060
200061
200063
200065
200066
200067
200068
200069
200071
200072
200074
200076
200078
200079
200080
200082
200083
200085
200091
200092
200094
200096
200098
200099
200100
200101
200103
200106
200110
200111
200112
