200113
200114
200117
200118
200120
200121
200123
200127
200128
200129
200130
200131
200132
200133
200134
200135
200136
200137
200138
200139
200140
200143
200144
200146
200147
200150
200155
200156
200157
200158
200159
200160
200161
200162
200164
200165
200166
200167
200168
200169
200170
200171
200173
200174
200175
200176
200177
200179
200180
200182
200183
200184
200185
200186
200187
200190
200191
200193
200198
200201
200202
200204
200205
200207
200208
200211
200212
200214
200216
200217
200218
200219
200220
200223
200226
200227
200229
200231
200232
200234
200235
200238
200239
200240
200241
200243
200244
200245
200246
200247
200249
200250
200251
200254
200256
200257
200258
200259
200260
200261
200262
200263
200264
200265
200266
200268
200269
200272
200275
200277
200278
200279
200281
200282
200283
200285
200286
200288
200289
200290
200291
200292
200293
200294
200295
200296
200297
200298
