200299
200300
200301
200302
200303
200304
200306
200307
200308
200309
200310
200311
200313
200317
200318
200319
200320
200323
200324
200326
200327
200328
200329
200330
200331
200334
200338
200339
200340
200341
200343
200344
200345
200346
200347
200348
200349
200350
200351
200352
200353
200354
200355
200356
200357
200359
200361
200362
200364
200368
200370
200372
200373
200374
200377
200378
200380
200382
200384
200387
200388
200389
200391
200392
200396
200397
200398
200399
200401
200402
200404
200405
200407
200408
200410
200411
200412
200413
200414
200416
200417
200418
200419
200420
200421
200422
200425
200426
200427
200429
200430
200431
200432
200438
200439
200441
200444
200445
200446
200447
200448
200449
200451
200452
200453
200454
200455
200458
200459
200463
200464
200465
200466
200468
200469
200471
200473
200474
200475
200476
200479
200482
200483
200485
200487
200489
200490
200492
200497
200501
200502
200503
200509
200511
