40147
40417
40453
41003
41004
41085
41452
41510
44781
44817
44826
44853
44962
45001
45007
45087
45091
45092
45130
45132
45134
45135
45146
45159
45162
45166
45178
45189
45194
45203
45212
45213
45219
45235
45238
45243
45244
45247
45248
45262
45267
45271
45290
45297
45305
45323
45332
45354
45372
45378
45385
45387
45397
45403
45413
45415
45419
45423
45443
45444
45448
45463
45505
45516
45523
45524
45526
45573
45575
45594
45600
45606
45621
45622
45623
45633
45636
45638
45645
45661
45662
45670
45676
45677
45687
45689
45691
45694
45696
45699
45710
45717
45725
45746
45747
45756
45759
45776
45779
45780
45784
45790
45801
45822
45850
45853
45855
45908
45915
45922
45936
45937
45948
45949
45963
45964
45984
46002
46014
46019
46033
46044
46045
46057
46060
46084
46092
46108
46120
46123
46127
46132
46134
46145
46166
46172
46179
46180
46197
46199
46230
46236
46380
46401
46408
46417
46430
46437
46440
46443
46452
46456
46462
46481
46490
46537
46544
46549
46556
46563
46598
46616
46641
46653
46655
46700
46732
46741
46744
46762
46768
46787
46801
46847
46856
46859
46874
46879
46889
46893
46896
46906
46922
46944
46955
46981
47021
47024
47089
47099
47133
47178
47180
47182
47183
47185
47187
47227
47233
47235
47238
47252
47278
47281
47290
47296
47316
47388
47391
47438
47443
47466
47514
47529
47565
47570
47577
47578
47585
47601
47613
47632
47648
47651
47701
47711
47729
47742
47747
47808
47817
47853
47926
47944
47963
47976
48010
48023
48036
48051
48063
48167
48169
48177
48243
48258
48271
48356
48379
48381
48413
48467
48479
48490
48491
48497
48517
48519
48686
48721
48740
48746
48859
48876
48878
49025
49042
49062
49132
49140
49182
49188
